"Predictions"	"Upper"	"Lower"	"PredVariance"
"1"	-6.6125441149571	0.0758040619522848	0.0758040619522857	11.3690762635174
"2"	-2.28240624495695	6.05461364896353	6.05461364896353	17.7373806937616
"3"	-6.39718060267	1.76189155543876	1.76189155543876	17.0913479384994
"4"	-0.629308502515538	8.06116143731024	8.06116143731024	19.0834920303857
"5"	6.11487856371732	17.1045724591057	17.1045724591057	29.9431128081104
"6"	3.31426699078432	10.3517812273494	10.3517812273494	12.3394403928664
"7"	3.89049527841412	8.99521297555665	8.99521297555665	6.60830303539374
"8"	3.5299317250477	11.2876807600552	11.2876807600552	15.4371525452195
"9"	-9.0646096156292	-3.6156327520499	-3.6156327520499	7.65810935300345
"10"	4.6630899067134	11.7884693366952	11.7884693366952	12.6287248849784
"11"	9.99700705530612	16.3733372777234	16.3733372777234	10.2487054611517
"12"	3.97700750965145	9.95586321897979	9.95586321897979	8.93332799659696
"13"	-0.576289124752736	5.53335529312125	5.53335529312125	9.32011056122293
"14"	1.91512170552833	9.35966789924538	9.35966789924538	13.8049973240322
"15"	-6.8132032358688	-0.519936040380751	-0.51993604038075	10.0002511625183
"16"	-0.543556314067861	4.78293982087877	4.78293982087877	6.93918759675788
"17"	0.507678769475771	7.08732458696744	7.08732458696744	11.0655298936306
"18"	4.67550091631873	11.1710001052957	11.1710001052957	10.8729954096454
"19"	8.40123272671946	14.2566373894185	14.2566373894185	8.80659809417312
"20"	9.46721436283177	15.0746422990049	15.0746422990049	7.91975019845611
"21"	9.41432524217118	14.6136019136425	14.6136019136425	6.96649818908826
"22"	3.87575627501349	9.1537486346009	9.1537486346009	7.13618502238078
"23"	2.09192894269391	7.91291966510101	7.91291966510101	8.61293172541072
"24"	-10.2260054294967	-4.88384922386668	-4.88384922386667	7.14439311765322
"25"	-4.84990043379968	0.694780512831498	0.694780512831499	7.44595668256258
"26"	3.88650503322556	9.58810919277056	9.58810919277056	8.17868799914222
"27"	-1.91113562548132	2.84736916059205	2.84736916059205	5.81459615300603
"28"	-7.77390942002752	-2.18979046183256	-2.18979046183256	7.9131592726099
"29"	-9.86058790110827	-1.91155537183123	-1.91155537183123	15.9091158573858
"30"	-5.65495763330798	0.581146672196743	0.581146672196743	9.88161895123516
"31"	-3.13832668987489	3.47021621910362	3.47021621910362	11.0342305011521
"32"	-1.86838237673836	4.39449731698006	4.39449731698006	9.78789221119767
"33"	2.31185079587861	9.77891079029444	9.77891079029444	13.824485347525
"34"	5.15173323771663	11.0789912340633	11.0789912340633	8.7494607040402
"35"	4.06435942024771	10.0212287882194	10.0212287882194	9.02271428158017
"36"	15.5790784846232	22.1762060947207	22.1762060947207	11.2037209773621
"37"	16.5219528658689	22.9509941105581	22.9509941105581	10.3920081626994
"38"	13.3506590729138	19.1839207279919	19.1839207279919	8.57829560957667
"39"	6.99322600000552	12.5298816327354	12.5298816327354	7.67958464691958
"40"	2.12709342433963	7.8249247365902	7.82492473659021	7.76295064485084
"41"	6.14793764082852	12.2890459096214	12.2890459096214	8.78654954439077
"42"	-7.94238466604594	-2.59728109487865	-2.59728109487865	6.79247628194513
"43"	-5.47436118520906	1.78455192669668	1.78455192669668	12.4960608923519
"44"	6.28744876320206	12.1700188851506	12.1700188851506	8.64149673451429
"45"	1.81526244391318	7.51527460953996	7.51527460953996	8.26063817968465
"46"	-3.46539994586734	1.66174050656462	1.66174050656462	6.56658246392837
"47"	5.68141639000593	11.8803261421591	11.8803261421591	9.76378508875804
"48"	10.3159796197634	15.699239108932	15.699239108932	7.33801500657117
"49"	6.88151547488468	12.2800068960042	12.2800068960042	7.47063282324133
"50"	16.5720278782745	23.0425202465555	23.0425202465555	10.7577957784423
"51"	15.7303356717325	22.6067669126014	22.6067669126014	11.776844613423
"52"	15.5030702473052	20.942901249639	20.942901249639	7.37445308894146
"53"	15.3402436821394	20.9531355711306	20.9531355711306	7.75203444624525
"54"	15.1119465829033	20.9916001864953	20.9916001864953	8.29836437974829
"55"	7.78423831851859	13.6114037262735	13.6114037262735	7.8245982751652
"56"	7.76354670684021	13.5992694465124	13.5992694465124	7.82551873351376
"57"	12.4696955460642	19.6284217878289	19.6284217878289	12.0450982664634
"58"	3.70726192538414	10.1634202032723	10.1634202032723	9.92317306107442
"59"	2.73987249573566	9.78640950664625	9.78640950664625	12.0806934864182
"60"	0.0761475661766777	6.57103655112342	6.57103655112342	10.5713813972809
"61"	4.09956848731641	10.0380868048854	10.0380868048854	8.74440589401312
"62"	9.78915753240988	16.711661543227	16.711661543227	11.905920661544
"63"	6.86030587269379	13.1893853089135	13.1893853089135	10.2746640645219
"64"	9.96323088034183	15.988817005698	15.988817005698	9.3344489136458
"65"	17.6806848120461	24.9564179681018	24.9564179681018	13.4257222667138
"66"	18.2570646122342	25.471847898484	25.471847898484	12.9956531887676
"67"	14.1756143751295	21.347112910359	21.347112910359	12.5983503490001
"68"	12.8123345858049	20.6888008441506	20.6888008441506	15.0156714793377
"69"	5.90223809890435	14.7928796004683	14.7928796004683	18.4433037034046
"70"	5.64059048221352	14.0159976957686	14.0159976957686	15.6704590145672
"71"	14.2858867223228	21.8968455176397	21.8968455176397	13.5063427911342
"72"	12.1994463544559	19.2484710571961	19.2484710571961	11.9659718612682
"73"	13.3243939138869	20.1060135820323	20.1060135820323	11.3168139256795
"74"	-3.8816505326056	2.18246636796525	2.18246636796525	9.26373062754126
"75"	-6.75785271283415	-0.565278832999319	-0.565278832999318	9.19210428944622
"76"	-4.92907879370578	1.22529452206305	1.22529452206305	8.9498198347002
"77"	-4.88475263269177	16.6540775962661	16.6540775962661	105.094464187791
"78"	7.0204359601486	21.8116524104784	21.8116524104784	50.9307249595694
"79"	9.65046317395946	17.266454413978	17.266454413978	13.7132914698746
"80"	7.8097207392144	20.8211701365051	20.8211701365051	36.4807754189157
"81"	5.74534956352127	13.1300276920036	13.1300276920036	13.8424956261015
